{
  "accessors": [
    {
      "bufferView": 2,
      "componentType": 5126,
      "count": 5333,
      "max": [
        2.689850091934204,
        14.740260124206543,
        0.9916099905967712
      ],
      "min": [
        -2.696700096130371,
        0.7874600291252136,
        -1.7476600408554077
      ],
      "type": "VEC3"
    },
    {
      "bufferView": 2,
      "byteOffset": 63996,
      "componentType": 5126,
      "count": 5333,
      "max": [
        0.9999722838401794,
        0.9998462200164795,
        0.9999884963035583
      ],
      "min": [
        -0.9999703764915466,
        -0.9998785853385925,
        -0.9999759793281555
      ],
      "type": "VEC3"
    },
    {
      "bufferView": 3,
      "componentType": 5126,
      "count": 5333,
      "max": [
        1.0,
        0.9997443556785583,
        0.9999788999557495,
        1.0
      ],
      "min": [
        -0.9999980926513672,
        -0.9999058246612549,
        -0.9999789595603943,
        -1.0
      ],
      "type": "VEC4"
    },
    {
      "bufferView": 1,
      "componentType": 5126,
      "count": 5333,
      "max": [
        0.9968000054359436,
        0.9922999739646912
      ],
      "min": [
        0.006200000178068876,
        0.013100000098347664
      ],
      "type": "VEC2"
    },
    {
      "bufferView": 1,
      "byteOffset": 42664,
      "componentType": 5126,
      "count": 5333,
      "max": [
        0.9968000054359436,
        0.9922999739646912
      ],
      "min": [
        0.006200000178068876,
        0.013100000098347664
      ],
      "type": "VEC2"
    },
    {
      "bufferView": 1,
      "byteOffset": 85328,
      "componentType": 5126,
      "count": 5333,
      "max": [
        0.9968000054359436,
        0.9922999739646912
      ],
      "min": [
        0.006200000178068876,
        0.013100000098347664
      ],
      "type": "VEC2"
    },
    {
      "bufferView": 1,
      "byteOffset": 127992,
      "componentType": 5126,
      "count": 5333,
      "max": [
        0.9968000054359436,
        0.9922999739646912
      ],
      "min": [
        0.006200000178068876,
        0.013100000098347664
      ],
      "type": "VEC2"
    },
    {
      "bufferView": 0,
      "componentType": 5125,
      "count": 27510,
      "type": "SCALAR"
    }
  ],
  "asset": {
    "extras": {
      "author": "DineshThennarasan (https://sketchfab.com/dineshthennarasan)",
      "license": "CC-BY-4.0 (http://creativecommons.org/licenses/by/4.0/)",
      "source": "https://sketchfab.com/3d-models/mens-two-piece-suit-8cafbab7a73e4fb7966a00659a4e31ef",
      "title": "Men's Two Piece Suit"
    },
    "generator": "Sketchfab-12.67.0",
    "version": "2.0"
  },
  "bufferViews": [
    {
      "buffer": 0,
      "byteLength": 110040,
      "name": "floatBufferViews",
      "target": 34963
    },
    {
      "buffer": 0,
      "byteLength": 170656,
      "byteOffset": 110040,
      "byteStride": 8,
      "name": "floatBufferViews",
      "target": 34962
    },
    {
      "buffer": 0,
      "byteLength": 127992,
      "byteOffset": 280696,
      "byteStride": 12,
      "name": "floatBufferViews",
      "target": 34962
    },
    {
      "buffer": 0,
      "byteLength": 85328,
      "byteOffset": 408688,
      "byteStride": 16,
      "name": "floatBufferViews",
      "target": 34962
    }
  ],
  "buffers": [
    {
      "byteLength": 494016,
      "uri": "scene.bin"
    }
  ],
  "images": [
    {
      "uri": "textures/m_suit_01_baseColor.png"
    },
    {
      "uri": "textures/m_suit_01_normal.png"
    }
  ],
  "materials": [
    {
      "alphaMode": "BLEND",
      "doubleSided": true,
      "name": "m_suit_01",
      "normalTexture": {
        "index": 1,
        "scale": 0.3500420153
      },
      "pbrMetallicRoughness": {
        "baseColorTexture": {
          "index": 0
        },
        "metallicFactor": 0.0,
        "roughnessFactor": 0.6
      }
    }
  ],
  "meshes": [
    {
      "name": "m_suit_01Mesh_0",
      "primitives": [
        {
          "attributes": {
            "NORMAL": 1,
            "POSITION": 0,
            "TANGENT": 2,
            "TEXCOORD_0": 3,
            "TEXCOORD_1": 4,
            "TEXCOORD_2": 5,
            "TEXCOORD_3": 6
          },
          "indices": 7,
          "material": 0,
          "mode": 4
        }
      ]
    }
  ],
  "nodes": [
    {
      "children": [
        1
      ],
      "matrix": [
        1.0,
        0.0,
        0.0,
        0.0,
        0.0,
        2.220446049250313e-16,
        -1.0,
        0.0,
        0.0,
        1.0,
        2.220446049250313e-16,
        0.0,
        0.0,
        0.0,
        0.0,
        1.0
      ],
      "name": "Sketchfab_model"
    },
    {
      "children": [
        2,
        4,
        6,
        8,
        10,
        12,
        14
      ],
      "name": "Root"
    },
    {
      "children": [
        3
      ],
      "matrix": [
        -0.29086000000000006,
        0.9551700000000001,
        -0.05519000000000001,
        0.0,
        -0.7711,
        -0.19988000000000003,
        0.6045200000000001,
        0.0,
        0.5663900000000001,
        0.21839000000000003,
        0.7946700000000001,
        0.0,
        0.05505000000000001,
        -0.8553700000000001,
        1.4617299999999998,
        1.0
      ],
      "name": "Lamp"
    },
    {
      "name": "Lamp"
    },
    {
      "children": [
        5
      ],
      "matrix": [
        0.1,
        0.0,
        0.0,
        0.0,
        0.0,
        -0.0,
        0.1,
        0.0,
        0.0,
        -0.1,
        -0.0,
        0.0,
        0.0,
        0.0,
        0.0,
        1.0
      ],
      "name": "m_suit_01Mesh"
    },
    {
      "mesh": 0,
      "name": "m_suit_01Mesh_0"
    },
    {
      "children": [
        7
      ],
      "matrix": [
        -0.29086000000000006,
        0.9551700000000001,
        -0.05519000000000001,
        0.0,
        -0.7711,
        -0.19988000000000003,
        0.6045200000000001,
        0.0,
        0.5663900000000001,
        0.21839000000000003,
        0.7946700000000001,
        0.0,
        -0.025720000000000003,
        0.81056,
        1.77556,
        1.0
      ],
      "name": "Lamp.001"
    },
    {
      "name": "Lamp.001"
    },
    {
      "children": [
        9
      ],
      "matrix": [
        -0.29086000000000006,
        0.9551700000000001,
        -0.05519000000000001,
        0.0,
        -0.7711,
        -0.19988000000000003,
        0.6045200000000001,
        0.0,
        0.5663900000000001,
        0.21839000000000003,
        0.7946700000000001,
        0.0,
        0.76526,
        0.01684,
        1.15476,
        1.0
      ],
      "name": "Lamp.002"
    },
    {
      "name": "Lamp.002"
    },
    {
      "children": [
        11
      ],
      "matrix": [
        -0.29086000000000006,
        0.9551700000000001,
        -0.05519000000000001,
        0.0,
        -0.7711,
        -0.19988000000000003,
        0.6045200000000001,
        0.0,
        0.5663900000000001,
        0.21839000000000003,
        0.7946700000000001,
        0.0,
        -0.86321,
        0.05341000000000001,
        1.16948,
        1.0
      ],
      "name": "Lamp.003"
    },
    {
      "name": "Lamp.003"
    },
    {
      "children": [
        13
      ],
      "matrix": [
        -0.29086000000000006,
        0.9551700000000001,
        -0.05519000000000001,
        0.0,
        -0.7711,
        -0.19988000000000003,
        0.6045200000000001,
        0.0,
        0.5663900000000001,
        0.21839000000000003,
        0.7946700000000001,
        0.0,
        0.008540000000000002,
        -0.56118,
        0.2639,
        1.0
      ],
      "name": "Lamp.004"
    },
    {
      "name": "Lamp.004"
    },
    {
      "children": [
        15
      ],
      "matrix": [
        -0.22924000000000005,
        0.9551700000000001,
        0.18734000000000003,
        0.0,
        -0.032560000000000006,
        -0.19988000000000003,
        0.9792799999999999,
        0.0,
        0.97282,
        0.21839000000000003,
        0.07692000000000002,
        0.0,
        0.008540000000000002,
        0.82933,
        0.2639,
        1.0
      ],
      "name": "Lamp.005"
    },
    {
      "name": "Lamp.005"
    }
  ],
  "samplers": [
    {
      "magFilter": 9729,
      "minFilter": 9987,
      "wrapS": 10497,
      "wrapT": 10497
    }
  ],
  "scene": 0,
  "scenes": [
    {
      "name": "Sketchfab_Scene",
      "nodes": [
        0
      ]
    }
  ],
  "textures": [
    {
      "sampler": 0,
      "source": 0
    },
    {
      "sampler": 0,
      "source": 1
    }
  ]
}
